0,403
0,402
34,52
34,51
34,50
34,49
34,48
34,47
34,46
34,45
34,44
34,43
34,42
34,41
34,40
34,39
34,38
34,37
34,36
34,35
11,29
11,27
11,25
11,23
11,22
11,21
11,20
11,19
11,18
11,17
11,15
11,13
11,11
11,10
11,9
11,8
11,7
11,6
11,5
11,4
8,16
8,8
8,11
8,12
8,10
8,9
8,7
9,5
4,39
4,40
6,6
6,7
7,10
7,12
17,2
17,1
17,3
15,2
15,1
15,3
16,2
16,1
16,3
13,2
14,2
4,26
4,25
4,4
4,72
4,74
4,33
4,35
4,17
4,19
4,23
4,1
4,68
4,2
4,3
6,4
6,1
6,5
6,2
6,3
7,8
7,7
7,4
7,13
7,5
7,6
7,1
7,11
7,2
7,3
5,4
5,2
5,1
5,3
0,401
35,3
35,2
